347959 768049              
408947 805866              
439695 821085              
485955               
541917               
611508               
1044495               
1461774               
2051702               
1841959               
874125               
940999               
1214181               
1260398               
1437194               
1880406               
1833852               
1613944               
2317497               
4761904               
3156565               
3027550               
2433090               
2970002               
636942               
743826               
748166               
