5266 403469              
5455 384024              
6487 389044              
7458               
8832               
10173               
39059               
70294               
53876               
92355               
101976               
82476               
279532               
366824               
441832               
364963               
356951               
347959               
51118               
202987               
508310               
548907               
613798               
623402               
432769               
394726               
392033               
