BlockedSpinSkipList ConcurrentSkipList JDKSkipList JellyFishSkipList SimpleSkipList
get 407747 1274372 1189060 1015434 643666
put 5340 69516 278055 56424 424592
range_query 349027 1358142 5602240 3059975 621195
get 405169 1509206 1172607 3738317 676635
put 5619 55532 359427 265653 409316
range_query 399952 1936858 5875440 2517623 664672
get 519966 1762114 1520681 3340013 748502
put 6529 80868 398358 469593 390015
range_query 449095 2491280 6127450 2345215 743494
get 517839 2056766 1129177 2387204 784313
put 7567 87390 362989 612482 396212
range_query 553280 3782148 6648936 2993115 793713
get 567859 2135839 1818843 2357378 802632
put 8801 90794 414903 610724 397235
range_query 537316 2392916 6157635 4426737 786039
get 636577 1539408 1578781 2994011 1272264
put 10125 104175 326904 618965 408530
range_query 740795 3216468 6093845 3341129 803923
get 361559 685400 1158211 2300437 695023
put 5366 49928 288892 56717 450958
range_query 344317 1381978 5854800 2104820 993936
get 430997 1463271 1309757 3706449 659891
put 5630 69450 365510 245621 415316
range_query 417170 1349892 5903187 2241649 687190
get 460193 3734129 1582528 2172024 741070
put 6547 80291 414524 462278 394695
range_query 361964 826377 5920663 2710761 757690
get 554538 1763357 1920491 3338898 793839
put 7511 92572 401638 584521 392264
range_query 590423 2232641 5760368 3466204 776457
get 564907 1766784 1992825 2319109 804181
put 8793 99745 288875 620308 542240
range_query 576402 1211093 5966587 3048780 761904
get 590283 2609603 2345215 4393673 822503
put 10090 62705 315417 638447 391803
range_query 585582 2940311 5659309 3274394 832154
get 350017 733030 1138174 2224199 628496
put 5345 69719 290646 47626 441033
range_query 362082 1693766 6195786 1192321 617474
get 393809 1923816 1207437 3875968 659587
put 5700 72903 358397 161214 391512
range_query 392326 803987 6234413 2074258 680133
get 494804 1796945 1712035 3923107 737245
put 6529 75579 393019 478354 466657
range_query 428357 1982160 6157635 2435460 738443
get 467508 2283626 1385041 2877697 782840
put 7614 90063 366045 537663 409517
range_query 545018 3345600 6112469 2017349 793335
get 580046 2151462 1767408 3252032 810175
put 8868 60322 333022 603646 393097
range_query 483909 2208968 5633802 3149606 794912
get 604266 971062 1337255 2546473 857927
put 9964 113737 365550 601865 402155
range_query 522138 2176752 5910165 3897116 794975
get 364737 1242853 1169590 2250731 683807
put 5323 32233 306682 47544 428302
range_query 367026 1433691 5834305 2194426 702543
get 393375 1786671 1057529 2730748 668851
put 5683 42170 366313 154997 389059
range_query 394492 851716 5750431 2777006 668270
get 475714 1632120 1582028 2391772 718907
put 6516 80772 383494 415627 400865
range_query 486760 2128112 5824111 2178649 750750
get 497141 1963479 1221597 3387533 765696
put 7481 36838 441852 538909 413992
range_query 538531 1531393 6289308 2176752 783883
get 580753 3571428 1948558 2910360 797130
put 8770 98448 363068 605913 417990
range_query 536855 1829491 6293266 3595828 1244864
get 645244 2767783 1594642 3485535 827198
put 9954 83400 346933 630238 399281
range_query 593577 2033346 6293266 3566333 838785
get 347959 1044495 1214181 2317497 636942
put 5266 39059 279532 51118 432769
range_query 375051 2204585 5527915 2929115 661375
get 408947 1461774 1260398 4761904 743826
put 5455 70294 366824 202987 394726
range_query 375600 1549907 5945303 2867794 677323
get 439695 2051702 1437194 3156565 748166
put 6487 53876 441832 508310 392033
range_query 531490 2022244 5824111 3785011 740082
get 485955 1841959 1880406 3027550 768049
put 7458 92355 364963 548907 403469
range_query 588824 2385496 6410256 3222687 780640
get 541917 874125 1833852 2433090 805866
put 8832 101976 356951 613798 384024
range_query 610128 1052410 5906674 1944768 819269
get 611508 940999 1613944 2970002 821085
put 10173 82476 347959 623402 389044
range_query 591575 2531645 6485084 3627130 813802
get 335953 1405283 1042752 2306273 689893
put 5254 60973 291528 39488 548696
range_query 383406 2686005 5948839 1986097 651423
get 400705 1295169 1273398 2748007 687474
put 5554 58858 380952 174206 410829
range_query 404563 1942879 5948839 2804262 648550
get 466091 2196354 1536334 3201024 745600
put 6593 38147 441598 443105 391052
range_query 466287 1800828 6042296 4454342 729980
get 499825 1529051 1544640 2327205 775915
put 7507 50677 370961 566989 397440
range_query 514033 1971997 6410256 2101723 787525
get 545821 856164 1519987 2955082 813669
put 8747 75407 302681 615271 395741
range_query 537172 1952362 6056935 3075976 788767
get 566700 1001803 1911680 3803727 822233
put 10355 112493 279775 626919 394679
range_query 749962 1066211 5790387 2866972 818062
get 356099 1521606 1133016 2482621 632831
put 5236 67747 296076 46001 486475
range_query 352261 2039983 6112469 2466091 1001201
get 421159 1629460 1269357 2181976 663614
put 5639 50710 394119 150323 386010
range_query 381548 1646903 6510416 2200704 690703
get 456370 1533507 2002402 2413127 738770
put 6525 70344 342102 555524 399424
range_query 502134 1805054 6165228 3221649 739371
get 593788 1298364 1895734 2986857 784682
put 7663 89334 335367 585411 402090
range_query 497561 2297794 5913660 3113325 779787
get 559252 3059039 1692333 2866150 803470
put 8823 100283 346848 586785 398581
range_query 600744 1949317 6514657 2703433 825082
get 540715 2808199 1710278 2920560 832639
put 10019 104952 316636 608161 402917
range_query 549722 2300966 6246096 3652300 845165
get 381344 1604106 1182452 2693965 644620
put 5323 67383 275558 38402 505254
range_query 363345 1969279 6086427 2888503 644953
get 400592 1721466 1491201 3202049 672585
put 5706 38525 370041 161326 386503
range_query 390533 1508295 5633802 2763957 665646
get 469263 2115059 1635322 2311604 740631
put 6656 81030 382482 455083 393220
range_query 445652 1931620 6060606 2229157 746881
get 490532 3084515 1846381 3003905 779970
put 7405 50762 382570 572180 397156
range_query 536451 1601281 6064281 2272727 790014
get 632111 1762114 1609528 2816108 811622
put 8714 66201 315169 615081 379564
range_query 576734 1733703 6161429 3984063 820546
get 552455 2507522 2191060 2145002 797003
put 10115 111614 346716 617017 392218
range_query 538967 2378686 6071645 4430660 790513
get 348031 2078137 987751 2542588 702395
put 5337 69838 303333 32078 486215
range_query 354132 2342468 7127583 1104728 651550
get 382087 1454122 1122586 2885170 677552
put 5556 73247 379305 244367 421851
range_query 351049 1944012 5698005 3957261 661157
get 494755 2264492 1288327 2365184 732922
put 6523 43056 383039 360477 386160
range_query 471675 1069175 6506180 3191828 747999
get 442321 2203128 1439263 2055498 778270
put 7558 86691 366515 611508 396730
range_query 478171 2225684 5411255 2622606 781005
get 647626 1762114 1805054 1758087 798466
put 8802 94688 326872 594318 404973
range_query 566572 1485884 5837711 3418803 816859
get 551055 1560549 1975113 1873711 822503
put 10040 72726 380923 618620 406272
range_query 648004 2116402 5602240 3318951 831186
get 357884 1583029 1044168 2635740 624687
put 5309 65781 297787 35981 424917
range_query 360893 1176885 5988023 3004807 635041
get 388289 2654632 1266945 2963841 640122
put 5505 68086 330185 239423 410829
range_query 624258 1970055 6211180 3075976 672268
get 433181 1797591 1814552 3037667 734753
put 6546 79586 419568 460489 418252
range_query 443419 693962 5414185 3892565 735618
get 554200 1913509 1137138 3116235 774893
put 7505 90245 335581 589205 399840
range_query 551450 1654259 6325110 4338394 786039
get 544454 2058460 1773049 3118178 797130
put 8804 59628 360880 626213 403665
range_query 596658 1796622 5672149 2436053 809257
get 658978 2235136 2021835 3752345 818732
put 9957 105249 365817 612482 388048
range_query 672856 2003606 7102272 3627130 830495
